Iterations, Powheg+PY hdamp=m_{t},Err,Powheg+PY8,Err,Powheg+HW,Err,MC@NLO+HW,Err,MadGraph+PY,Err,Powheg+PY hdamp=#infty,Err,Madgraph+PY RadLo,Err,Madgraph+PY RadHi
0, 502.50,0.00, 502.50,0.00, 502.50,0.00, 502.50,0.00, 502.50,0.00, 502.50,0.00, 502.50,0.00, 502.50,0.00
1, 260.86,1.02, 316.00,1.07, 473.19,1.18, 200.60,0.79, 375.40,1.10, 42.05,0.31, 502.50,0.00, 186.04,0.91
2, 97.96,0.18, 110.28,0.20, 163.50,0.24, 87.06,0.16, 129.06,0.21, 41.83,0.10, 255.76,0.33, 74.45,0.16
3, 67.61,0.14, 72.48,0.15, 97.35,0.18, 70.90,0.15, 82.25,0.16, 42.01,0.10, 139.10,0.24, 55.83,0.12
4, 56.62,0.41, 58.89,0.42, 74.61,0.48, 66.83,0.43, 66.80,0.45, 42.19,0.31, 98.48,0.59, 50.14,0.36
5, 51.78,0.39, 52.92,0.39, 64.16,0.44, 65.34,0.46, 59.09,0.42, 42.32,0.31, 79.36,0.52, 47.44,0.34
6, 49.43,0.38, 49.74,0.37, 58.68,0.40, 63.91,0.46, 54.17,0.40, 42.59,0.32, 67.74,0.47, 45.30,0.35
7, 47.96,0.38, 47.86,0.36, 55.32,0.38, 63.80,0.49, 51.66,0.39, 42.68,0.32, 61.52,0.44, 44.53,0.35
8, 46.54,0.35, 47.11,0.34, 53.36,0.38, 64.60,0.57, 50.56,0.39, 42.31,0.32, 58.74,0.45, 44.35,0.33
9, 45.94,0.35, 46.25,0.34, 51.89,0.37, 65.15,0.67, 49.52,0.39, 42.38,0.32, 55.93,0.44, 44.06,0.33
